249
66
120
369
268
375
103
295
438
202
425
79
429
466
8
377
294
493
238
266
159
426
308
457
451
269
164
295
45
15
209
347
129
388
382
240
462
382
39
371
175
291
321
64
499
186
59
423
84
6
476
488
475
96
446
31
353
0
342
357
302
28
106
241
456
212
144
286
497
247
352
254
143
10
6
361
0
415
64
371
333
56
336
59
230
126
242
173
345
491
134
59
435
438
335
143
410
415
144
155
454
306
294
189
187
320
373
299
217
368
8
83
370
140
125
89
367
347
269
203
225
115
235
448
173
49
245
236
461
40
59
463
178
77
413
277
224
478
10
470
133
344
367
379
179
489
449
114
345
50
369
242
384
12
334
145
463
435
132
359
132
130
181
44
167
2
107
397
80
267
465
23
180
484
410
148
29
245
268
4
341
393
20
277
458
161
26
166
454
227
325
36
421
481
351
325
286
255
456
330
118
297
431
433
147
339
339
328
486
41
364
175
29
392
78
422
469
349
103
470
357
480
205
414
203
444
187
239
41
338
37
456
495
265
346
279
116
61
402
432
470
144
332
483
422
296
297
184
28
249
351
124
81
19
398
303
206
95
165
370
170
184
310
324
464
286
21
237
140
2
342
91
217
140
439
302
126
86
500
305
421
129
423
465
21
488
187
198
211
477
246
220
246
277
79
415
121
205
461
115
447
324
270
106
394
496
145
14
163
275
485
123
315
22
44
476
20
199
431
144
118
180
158
245
180
131
317
175
26
24
178
413
295
15
437
445
101
54
453
79
276
285
143
304
365
183
308
262
481
134
51
306
180
90
425
149
143
382
426
30
491
441
220
2
300
133
464
20
301
186
278
457
151
86
263
281
375
202
434
156
492
415
278
370
215
105
322
241
36
154
340
3
351
494
93
94
275
265
5
463
164
11
82
330
418
143
250
216
205
6
286
419
34
240
208
278
306
174
97
32
185
210
129
94
11
304
476
276
190
387
108
138
388
304
93
228
2
405
145
55
255
103
373
112
315
79
280
354
111
86
486
29
238
356
277
69
250
202
43
263
471
419
305
436
138
214
210
268
244
239
296
288
199
110
361
290
42
461
69
120
137
304
395
39
498
233
426
214
446
293
493
232
261
89
9
374
349
463
64
291
