2843  
1471  
2129  
4289  
2801  
3389  
109  
3701  
2383  
3823  
2477  
4919  
1733  
2879  
4421  
601  
3079  
919  
2423  
2099  
457  
1693  
4567  
131  
1427  
607  
2791  
1031  
3083  
4547  
4523  
3359  
1931  
1109  
4679  
1483  
97  
61  
4139  
2677  
2887  
2609  
53  
4999  
3011  
3001  
4729  
491  
757  
2693  
2239  
661  
2969  
853  
3583  
31  
3907  
4951  
3613  
2393  
1381  
2957  
4229  
2293  
4637  
487  
2441  
547  
3319  
2521  
1801  
2011  
643  
3251  
3491  
647  
29  
2179  
1931  
659  
449  
2999  
2267  
1373  
2003  
1933  
619  
3323  
947  
1231  
1163  
3529  
1877  
1559  
2917  
1483  
409  
1913  
1559  
617  
1319  
3347  
2099  
4159  
3389  
541  
1879  
701  
349  
11  
769  
2677  
1979  
2267  
439  
1511  
1453  
3319  
2311  
2699  
2399  
3671  
1699  
313  
2447  
4133  
773  
3499  
1889  
3677  
1483  
3739  
4721  
2383  
101  
653  
3331  
3559  
3767  
4133  
2621  
3371  
401  
3851  
4021  
3889  
97  
1933  
2003  
1499  
683  
2153  
349  
353  
2777  
2971  
3779  
2069  
1193  
211  
4133  
359  
3623  
1747  
331  
3347  
3313  
1091  
4153  
4201  
4451  
577  
2797  
4357  
2293  
3557  
11  
2753  
3623  
3931  
1747  
4483  
3253  
2311  
1069  
739  
463  
4903  
619  
1801  
3631  
1283  
4091  
2557  
3637  
761  
881  
419  
1427  
1583  
1877  
3917  
701  
887  
751  
337  
4969  
211  
2957  
2999  
2063  
4421  
797  
3889  
3643  
3967  
3613  
281  
239  
1213  
2671  
4421  
2969  
1847  
1381  
2903  
1747  
1109  
4903  
3739  
1129  
139  
139  
3259  
2767  
3929  
1949  
2347  
4831  
1213  
4397  
773  
4787  
2371  
3301  
4211  
3449  
4231  
2137  
2099  
2311  
463  
751  
907  
4549  
1787  
2729  
4397  
1429  
1567  
3191  
1607  
3083  
367  
2137  
3169  
1439  
2081  
19  
3061  
1439  
503  
2593  
4793  
3019  
3011  
2477  
3343  
1499  
1471  
2003  
3889  
1021  
3527  
4229  
1801  
283  
3217  
2221  
191  
2357  
1423  
2521  
1069  
4561  
251  
1171  
3863  
2207  
2221  
2267  
1759  
1117  
2339  
1051  
293  
1663  
3793  
3191  
1523  
2221  
439  
163  
3769  
487  
2539  
107  
101  
2347  
1597  
919  
1459  
2137  
839  
1823  
4049  
3559  
2887  
683  
467  
911  
113  
743  
2081  
613  
1549  
691  
2143  
1091  
4091  
59  
3359  
1229  
2791  
4391  
3083  
2801  
1867  
43  
1459  
4783  
3049  
1009  
293  
2161  
761  
4973  
739  
2887  
181  
181  
1999  
3169  
3851  
3119  
1429  
233  
1543  
4093  
4373  
4483  
1039  
593  
1163  
1423  
4889  
3461  
3821  
1039  
761  
2617  
2741  
683  
1031  
23  
3929  
3163  
2473  
3923  
4621  
929  
3881  
821  
4547  
1453  
1237  
1277  
4951  
59  
1321  
4363  
521  
2797  
4751  
1801  
1579  
2273  
457  
2099  
491  
727  
1619  
4721  
3793  
2909  
1021  
4729  
4871  
1607  
2729  
4951  
4349  
2029  
3571  
2887  
2311  
2087  
2281  
3037  
67  
2087  
1181  
449  
4153  
3203  
3  
4621  
4373  
1879  
4729  
2137  
1153  
1109  
863  
2237  
4679  
1549  
3511  
1973  
3637  
1999  
1979  
1439  
1019  
4259  
397  
1559  
283  
1787  
3313  
4783  
281  
2  
3209  
2113  
2129  
2339  
1621  
4523  
1249  
2213  
1151  
1151  
821  
1619  
3907  
3407  
727  
3373  
1433  
773  
2111  
4057  
1901  
2003  
3863  
349  
4513  
1093  
2963  
1109  
2609  
1693  
2237  
409  
827  
41  
71  
4703  
433  
4729  
11  
1163  
409  
2593  
1439  
3671  
2659  
1951  
1663  
1049  
3623  
967  
1993  
47  
719  
1697  
3851  
193  
3571  
4993  
223  
4441  
3907  
2371  
809  
4517  
4397  
3203  
967  
2833  
2647  
1663  
523  
2411  
823  
1801  
2909  
3967  
1601  
4337  
683  
1621  
3881  
2719  
997  
3049  
2647  
2237  
1601  
3833  
181  
673  
1831  
653  
773  
1117  
2857  
677  
3853  
3089  
2113  
2819  
3877  
2731  
61  
1997  
443  
491  
3739  
4637  
1301  
757  
4523  
4349  
2287  
1213  
739  
3583  
2999  
1571  
2671  
4217  
2861  
1987  
101  
37  
4273  
1583  
4703  
37  
1777  
1993  
2383  
4523  
1453  
2633  
1033  
1931  
1033  
1823  
2441  
2137  
1187  
4909  
877  
907  
2473  
3571  
4111  
2953  
3517  
1789  
4289  
2903  
757  
907  
3067  
2803  
1879  
811  
2087  
811  
4001  
3547  
4861  
2957  
1993  
4139  
3469  
2237  
1061  
1777  
2383  
977  
4007  
2207  
607  
2927  
2203  
1453  
3853  
4133  
2081  
691  
1483  
1511  
673  
3019  
1039  
1999  
2857  
4283  
863  
139  
1433  
1063  
883  
373  
1663  
3359  
4241  
3923  
1531  
3169  
3989  
2909  
1637  
593  
2969  
509  
2767  
661  
197  
